7
15
27
37
47
55
63
71
77
85
91
95
103
110
115
119
127
127
135
141
143
149
153
157
159
165
167
171
173
178
180
183
186
189
190
194
196
197
199
203
203
206
207
209
211
213
214
215
217
220
220
222
222
223
224
226
227
228
229
229
230
231
232
233
234
234
235
236
237
237
238
238
239
239
239
241
239
241
241
242
242
243
243
243
243
244
243
245
245
244
245
245
246
228
210
194
178
166
152
140
130
120
112
102
96
88
80
75
69
64
59
55
50
47
43
40
37
34
32
29
26
24
24
22
19
18
17
15
14
13
12
11
11
10
9
9
8
7
6
6
6
5
5
4
4
4
4
4
3
3
3
2
2
2
2
2
2
2
2
1